P3
20 15
255
245
245
245
252
252
252
250
250
250
147
147
147
216
216
216
237
237
237
235
235
235
239
239
239
242
242
242
241
241
241
226
226
226
171
171
171
161
161
161
154
154
154
158
158
158
141
141
141
184
184
184
241
241
241
241
241
241
242
242
242
244
244
244
251
251
251
241
241
241
223
223
223
227
227
227
223
223
223
236
236
236
239
239
239
235
235
235
231
231
231
161
161
161
165
165
165
143
143
143
149
149
149
140
140
140
155
155
155
170
170
170
188
188
188
236
236
236
243
243
243
245
245
245
246
246
246
233
233
233
153
153
153
122
122
122
86
86
86
149
149
149
159
159
159
153
153
153
159
159
159
171
171
171
177
177
177
117
117
117
71
71
71
78
78
78
68
68
68
109
109
109
128
128
128
167
167
167
154
154
154
250
250
250
226
226
226
190
190
190
215
215
215
126
126
126
123
123
123
141
141
141
131
131
131
131
131
131
135
135
135
148
148
148
118
118
118
68
68
68
253
253
253
81
81
81
58
58
58
85
85
85
138
138
138
124
124
124
130
130
130
206
206
206
187
187
187
179
179
179
95
95
95
203
203
203
140
140
140
140
140
140
129
129
129
133
133
133
150
150
150
133
133
133
92
92
92
44
44
44
75
75
75
87
87
87
98
98
98
254
254
254
69
69
69
86
86
86
130
130
130
176
176
176
149
149
149
235
235
235
101
101
101
92
92
92
145
145
145
123
123
123
131
131
131
117
117
117
125
125
125
141
141
141
85
85
85
52
52
52
56
56
56
252
252
252
105
105
105
84
84
84
110
110
110
135
135
135
133
133
133
217
217
217
131
131
131
129
129
129
92
92
92
125
125
125
114
114
114
125
125
125
153
153
153
134
134
134
145
145
145
133
133
133
124
124
124
33
33
33
58
58
58
82
82
82
59
59
59
76
76
76
94
94
94
144
144
144
137
137
137
135
135
135
125
125
125
138
138
138
109
109
109
60
60
60
78
78
78
102
102
102
114
114
114
103
103
103
131
131
131
147
147
147
135
135
135
149
149
149
170
170
170
144
144
144
144
144
144
134
134
134
145
145
145
132
132
132
118
118
118
127
127
127
118
118
118
93
93
93
59
59
59
107
107
107
110
110
110
86
86
86
86
86
86
112
112
112
112
112
112
100
100
100
114
114
114
129
129
129
160
160
160
146
146
146
145
145
145
67
67
67
131
131
131
98
98
98
145
145
145
128
128
128
89
89
89
102
102
102
120
120
120
104
104
104
127
127
127
95
95
95
106
106
106
103
103
103
130
130
130
92
92
92
139
139
139
149
149
149
153
153
153
146
146
146
145
145
145
78
78
78
117
117
117
121
121
121
121
121
121
117
117
117
88
88
88
116
116
116
80
80
80
62
62
62
62
62
62
67
67
67
75
75
75
83
83
83
115
115
115
115
115
115
102
102
102
87
87
87
108
108
108
146
146
146
145
145
145
80
80
80
122
122
122
95
95
95
120
120
120
137
137
137
128
128
128
111
111
111
110
110
110
128
128
128
128
128
128
143
143
143
135
135
135
143
143
143
120
120
120
120
120
120
118
118
118
108
108
108
144
144
144
148
148
148
147
147
147
112
112
112
153
153
153
133
133
133
138
138
138
118
118
118
120
120
120
120
120
120
123
123
123
117
117
117
116
116
116
117
117
117
102
102
102
104
104
104
98
98
98
107
107
107
63
63
63
86
86
86
73
73
73
66
66
66
58
58
58
84
84
84
106
106
106
99
99
99
111
111
111
107
107
107
108
108
108
100
100
100
81
81
81
78
78
78
73
73
73
98
98
98
95
95
95
92
92
92
95
95
95
106
106
106
105
105
105
95
95
95
92
92
92
86
86
86
97
97
97
105
105
105
91
91
91
90
90
90
105
105
105
34
34
34
77
77
77
70
70
70
76
76
76
85
85
85
75
75
75
101
101
101
82
82
82
95
95
95
91
91
91
102
102
102
102
102
102
96
96
96
83
83
83
83
83
83
83
83
83
83
83
83
77
77
77
77
77
77
119
119
119
