P3
20 15
255
255
255
161
255
255
124
255
255
138
207
255
255
255
255
255
255
255
255
255
255
255
255
255
255
255
255
255
255
255
255
255
255
255
231
255
255
221
255
255
214
255
255
218
255
255
201
255
255
244
255
255
255
255
255
255
255
255
255
255
255
255
255
156
255
255
112
255
255
162
255
255
229
255
255
208
255
255
255
255
255
255
255
255
255
255
255
255
255
255
255
221
255
255
225
255
255
203
255
255
209
255
255
200
255
255
215
255
255
230
255
255
248
255
255
255
255
255
255
255
255
255
255
150
255
255
147
255
255
206
213
255
255
182
255
255
146
255
255
209
255
255
219
255
255
213
255
255
219
255
255
231
255
255
237
255
255
177
255
225
131
255
164
138
255
168
128
255
162
169
255
190
188
255
238
227
255
255
214
255
255
255
255
139
255
255
203
250
255
255
255
255
226
186
255
255
183
255
255
201
255
255
191
255
255
191
255
255
195
255
255
208
255
255
178
255
216
128
255
161
255
114
65
141
255
154
118
255
156
145
255
173
198
255
212
184
255
246
190
255
255
255
255
237
247
255
255
239
255
255
155
255
255
255
255
244
200
255
255
200
255
255
189
255
255
193
255
255
210
255
255
193
255
255
152
255
176
104
255
149
135
255
145
147
255
155
158
255
143
255
108
63
129
255
162
146
255
188
190
255
255
236
255
255
209
255
255
255
255
188
161
255
255
152
255
255
205
255
255
183
255
255
191
255
255
177
255
255
185
255
255
201
255
255
145
255
172
112
255
155
116
255
140
255
117
66
165
255
148
144
255
140
170
255
188
195
255
236
193
255
255
255
255
238
191
255
255
189
255
255
152
255
255
185
255
255
174
255
255
185
255
255
213
255
255
194
255
255
205
255
255
193
255
255
184
255
245
93
255
148
118
255
157
142
255
138
119
255
142
136
255
168
154
255
194
204
255
255
197
255
255
195
255
255
185
255
255
198
255
255
169
255
255
120
255
255
138
255
255
162
255
255
174
255
255
163
255
255
191
255
255
207
255
255
195
255
255
209
255
255
230
255
255
204
148
85
204
148
118
194
255
255
205
255
255
192
255
255
178
255
255
187
255
255
178
255
255
153
255
255
119
255
255
167
255
255
170
255
255
146
255
255
146
255
255
172
255
255
172
255
255
160
255
255
174
255
255
189
255
255
220
255
255
206
140
78
205
139
77
127
255
255
191
255
255
158
255
255
205
255
255
188
255
255
149
255
255
162
255
255
180
255
255
164
255
255
187
255
255
155
255
255
166
255
255
163
255
255
190
255
255
152
255
255
199
255
255
209
255
255
213
255
255
206
141
81
205
142
98
138
255
255
177
255
255
181
255
255
181
255
255
177
255
255
148
255
255
176
255
255
140
255
255
122
255
255
122
255
255
127
255
255
135
255
255
143
255
255
175
255
255
175
255
255
162
255
255
147
255
255
168
255
255
206
141
82
205
139
74
140
255
255
182
255
255
155
255
255
180
255
255
197
255
255
188
255
255
171
255
255
170
255
255
188
255
255
188
255
255
203
255
255
195
255
255
203
255
255
180
255
255
180
255
255
178
255
255
168
255
255
204
255
255
208
145
99
207
144
92
172
244
255
213
255
255
193
255
255
198
255
255
178
255
176
180
255
178
180
255
178
183
255
182
177
255
176
176
255
174
177
255
175
162
255
160
164
255
163
158
254
156
167
255
166
123
250
154
146
252
145
133
250
130
126
244
115
118
244
106
144
252
141
166
255
164
159
255
158
171
255
169
167
255
165
168
255
166
160
255
158
141
251
139
138
251
135
133
250
130
158
255
157
155
254
152
152
253
151
155
254
153
166
255
163
165
255
162
155
254
152
152
253
150
146
252
143
157
254
155
165
255
163
151
253
150
150
253
148
165
255
163
94
246
87
137
250
134
130
250
127
136
250
133
145
252
142
135
250
132
161
255
159
142
251
139
155
254
153
151
253
148
162
255
160
162
255
160
156
254
154
143
252
141
143
252
141
143
252
141
143
252
141
137
251
134
137
251
134
179
255
178
