P3
20 15
255
197
197
197
187
187
187
191
191
191
202
202
202
234
234
234
242
242
242
242
242
242
243
243
243
245
245
245
244
244
244
238
238
238
216
216
216
212
212
212
209
209
209
211
211
211
203
203
203
221
221
221
244
244
244
244
244
244
245
245
245
195
195
195
183
183
183
195
195
195
210
210
210
204
204
204
234
234
234
242
242
242
243
243
243
242
242
242
241
241
241
212
212
212
214
214
214
204
204
204
207
207
207
203
203
203
209
209
209
216
216
216
223
223
223
243
243
243
245
245
245
193
193
193
192
192
192
206
206
206
201
201
201
190
190
190
181
181
181
207
207
207
211
211
211
208
208
208
211
211
211
216
216
216
219
219
219
171
171
171
135
135
135
139
139
139
134
134
134
157
157
157
179
179
179
214
214
214
209
209
209
191
191
191
202
202
202
207
207
207
205
205
205
191
191
191
195
195
195
203
203
203
199
199
199
199
199
199
201
201
201
202
202
202
169
169
169
132
132
132
104
104
104
134
134
134
128
128
128
143
143
143
175
175
175
179
179
179
198
198
198
204
204
204
202
202
202
203
203
203
184
184
184
205
205
205
200
200
200
203
203
203
198
198
198
200
200
200
207
207
207
195
195
195
147
147
147
121
121
121
128
128
128
136
136
136
134
134
134
102
102
102
134
134
134
148
148
148
199
199
199
201
201
201
201
201
201
201
201
201
187
187
187
183
183
183
205
205
205
196
196
196
199
199
199
193
193
193
196
196
196
197
197
197
143
143
143
127
127
127
121
121
121
105
105
105
137
137
137
128
128
128
158
158
158
181
181
181
200
200
200
210
210
210
199
199
199
198
198
198
183
183
183
197
197
197
192
192
192
196
196
196
208
208
208
200
200
200
205
205
205
200
200
200
178
178
178
117
117
117
128
128
128
125
125
125
121
121
121
139
139
139
153
153
153
197
197
197
201
201
201
201
201
201
197
197
197
202
202
202
190
190
190
171
171
171
178
178
178
187
187
187
192
192
192
188
188
188
199
199
199
206
206
206
201
201
201
206
206
206
215
215
215
86
86
86
97
97
97
200
200
200
205
205
205
200
200
200
194
194
194
197
197
197
194
194
194
184
184
184
171
171
171
189
189
189
190
190
190
181
181
181
181
181
181
191
191
191
191
191
191
186
186
186
192
192
192
198
198
198
206
206
206
81
81
81
80
80
80
173
173
173
199
199
199
186
186
186
205
205
205
198
198
198
182
182
182
187
187
187
195
195
195
188
188
188
197
197
197
185
185
185
189
189
189
188
188
188
199
199
199
183
183
183
202
202
202
206
206
206
205
205
205
83
83
83
88
88
88
177
177
177
193
193
193
195
195
195
195
195
195
193
193
193
182
182
182
193
193
193
179
179
179
172
172
172
172
172
172
174
174
174
177
177
177
180
180
180
193
193
193
192
192
192
187
187
187
181
181
181
187
187
187
83
83
83
79
79
79
174
174
174
196
196
196
185
185
185
194
194
194
201
201
201
198
198
198
191
191
191
188
188
188
198
198
198
196
196
196
202
202
202
196
196
196
200
200
200
193
193
193
193
193
193
193
193
193
190
190
190
201
201
201
91
91
91
88
88
88
174
174
174
208
208
208
200
200
200
202
202
202
144
144
144
146
146
146
146
146
146
149
149
149
144
144
144
143
143
143
144
144
144
132
132
132
134
134
134
129
129
129
137
137
137
116
116
116
121
121
121
111
111
111
102
102
102
96
96
96
119
119
119
136
136
136
131
131
131
139
139
139
136
136
136
137
137
137
131
131
131
117
117
117
115
115
115
111
111
111
130
130
130
127
127
127
125
125
125
127
127
127
135
135
135
134
134
134
127
127
127
125
125
125
120
120
120
129
129
129
135
135
135
125
125
125
124
124
124
135
135
135
82
82
82
114
114
114
109
109
109
113
113
113
120
120
120
112
112
112
132
132
132
117
117
117
127
127
127
124
124
124
132
132
132
132
132
132
128
128
128
119
119
119
119
119
119
119
119
119
119
119
119
114
114
114
114
114
114
146
146
146
